1238 2277 1045 3054
737 2203 286 2907
1169 675 1150 975
769 1705 729 2317
1270 2208 1094 2965
1299 1367 1360 1878
719 2413 278 3187
632 2365 170 3116
1313 2194 1143 2946
1098 707 1069 1016
665 2170 206 2864
656 2422 200 3193
1360 1302 1469 1799
1150 622 1113 904
1776 2101 1783 2856
1657 2272 1645 3082
775 1416 752 1943
657 2225 199 2932
1098 2307 871 3091
905 2392 561 3180
939 1038 957 1454
1184 1508 1201 2060
673 2388 222 3149
1053 1635 1024 2224
1344 2333 1165 3139
976 1088 988 1517
1222 2247 1031 3014
1921 1976 1972 2693
630 1834 530 2476
1216 697 1211 996
1053 1092 1080 1519
1218 1147 1304 1595
1718 2078 1721 2823
1092 1825 1069 2477
1754 2075 1760 2815
668 2347 210 3095
948 2183 620 2903
730 1723 683 2339
1236 1255 1299 1732
1084 719 1052 1034
1625 2143 1603 2906
1235 2152 1065 2892
1784 2057 1799 2795
724 1942 312 2575
1088 630 1039 916
1799 2134 1808 2903
1284 2291 1092 3075
829 1241 801 1715
720 2318 279 3059
1112 1275 1127 1758
807 1255 779 1733
1937 2330 1970 3173
1667 1936 1702 2632
1529 1807 1692 2476
1944 1987 1996 2707
960 1814 913 2456
1177 783 1154 1114
1468 1872 1494 2547
1353 1212 1473 1680
1862 2310 1893 3143
1394 1679 1490 2298
697 2437 242 3213
1016 2311 738 3086
1959 2087 1997 2842
1193 2125 1025 2860
1157 2108 1002 2837
668 1757 591 2377
1101 2071 960 2786
1379 1683 1471 2302
1122 1756 1107 2387
1647 2126 1630 2886
1651 2159 1635 2930
761 1015 759 1427
1260 599 1259 873
1070 1981 987 2674
628 1652 550 2245
1946 2134 1988 2905
1014 2235 735 2983
1137 718 1117 1031
1355 1701 1444 2326
1212 575 1192 842
1069 732 1036 1051
1604 2083 1592 2824
703 2097 246 2770
1738 2174 1736 2953
1703 2033 1719 2764
994 1742 960 2363
954 1713 908 2324
1309 1910 1314 2592
732 1186 704 1645
1516 2002 1544 2720
1855 2200 1870 2994
1925 2116 1955 2881
1473 1929 1483 2621
702 2130 242 2810
1288 2369 1100 3182
1828 2269 1850 3089
1271 2015 1211 2724
481 2415 37 3180
807 1125 790 1565
1375 1403 1465 1931
857 2235 472 2964
1893 2110 1911 2870
716 2249 272 2969
678 2370 227 3125
997 1780 965 2417
1203 632 1181 916
784 1071 774 1497
1596 1955 1623 2658
1098 771 1067 1100
1348 2092 1244 2825
910 629 909 926
813 1098 801 1531
1841 2042 1870 2776
720 1242 687 1718
1213 898 1231 1263
630 1214 585 1683
934 1518 900 2070
1714 2100 1708 2849
725 1661 681 2257
1625 2180 1600 2956
1191 901 1203 1268
788 1159 766 1610
1664 2113 1653 2867
977 2212 674 2946
816 1019 812 1427
1122 753 1097 1075
714 1803 629 2436
649 1549 572 2109
1363 2078 1262 2802
1299 1407 1367 1933
707 2262 261 2987
1310 2320 1121 3114
1893 1886 1990 2571
1494 2179 1425 2944
1930 1929 2003 2631
724 2277 282 3006
721 2358 282 3113
1072 1695 1048 2304
1702 2242 1700 3044
646 1642 573 2228
1804 2362 1793 3211
741 1782 673 2411
1065 1254 1066 1728
1102 1789 1083 2428
1675 2252 1666 3057
1145 1998 1070 2698
633 2290 171 3019
1022 2355 744 3142
1224 2173 1045 2921
695 1432 636 1957
1976 2249 2019 3067
1508 2021 1530 2742
759 1564 720 2133
1696 2123 1686 2880
1794 2349 1794 3195
628 1667 548 2261
1124 2343 906 3137
1297 2154 1132 2893
958 1778 912 2412
1003 2291 724 3056
746 2355 310 3111
689 1856 588 2504
684 1663 616 2259
1155 717 1144 1029
939 1600 895 2176
664 1037 651 1456
939 1600 895 2176
1597 2174 1564 2948
1683 2172 1673 2948
1154 2095 1006 2816
918 1034 931 1448
1124 764 1099 1089
642 1664 567 2257
1198 2046 1103 2761
1685 1938 1721 2637
671 1501 600 2049
1875 2297 1908 3129
1320 2341 1135 3145
1813 2089 1824 2841
1570 1589 1850 2198
600 1344 547 1848
800 1099 785 1533
960 1880 896 2543
599 1683 512 2282
734 2345 297 3098
977 1777 941 2413
1172 559 1139 822
1598 2198 1568 2979
628 1176 586 1631
1767 2096 1771 2847
1872 2137 1882 2906
1118 602 1071 879
1922 1865 2021 2546
1588 2136 1561 2894
1788 2318 1806 3154
618 1162 577 1610
1376 2268 1200 3048
1242 601 1234 875
1672 2223 1662 3017
1015 1740 988 2362
1661 2292 1653 3113
566 1367 507 1877
923 1020 937 1428
1646 2183 1629 2961
2068 2190 2169 2993
772 2365 336 3126
1717 2227 1715 3024
972 1454 947 1994
1378 1184 1524 1646
844 2191 443 2903
1362 993 1550 1398
1929 2202 1972 3003
1914 2051 1944 2792
1313 2194 1143 2946
1842 1937 1908 2638
1842 1937 1908 2638
1944 2123 1979 2894
909 1138 898 1584
1309 2281 1125 3063
1055 955 1124 1353
1524 1392 1745 1924
919 1538 877 2100
801 1145 781 1594
1312 2016 1264 2727
641 1709 561 2313
1234 780 1225 1111
1595 2221 1564 3007
1186 1148 1266 1590
1609 1663 1915 2300
717 1631 668 2218
1224 1499 1258 2056
734 1450 695 1983
1429 1780 1555 2441
940 2384 612 3173
1283 1864 1277 2532
884 1042 891 1458
1103 2257 873 3024
1454 1498 1598 2065
1257 1641 1298 2240
880 2415 511 3203
1484 1916 1501 2601
1597 1467 1900 2040
1117 1813 1102 2467
1905 2040 1939 2774
691 2240 240 2956
1572 1903 1613 2589
1572 1903 1613 2589
971 1700 930 2307
1413 1988 1416 2699
615 1765 521 2387
1191 1913 1173 2595
1617 1929 1647 2621
1685 2291 1678 3111
1685 2291 1678 3111
1922 2265 1958 3085
1824 2122 1835 2884
1629 2364 1581 3207
2013 2292 2095 3129
893 1475 853 2013
1168 1925 1133 2607
1131 977 1212 1376
1214 2386 1010 3199
1143 827 1127 1171
1212 575 1192 842
1005 1879 949 2544
1024 1906 960 2578
1044 2335 774 3123
1353 1331 1460 1837
1290 584 1301 855
1380 1638 1464 2242
1417 1266 1568 1757
1503 1663 1730 2292
652 2041 199 2696
1862 1911 1922 2606
1015 2287 737 3051
835 2184 426 2892
1205 1207 1266 1675
661 1451 592 1984
1500 2382 1407 3218
715 1181 680 1638
588 1681 500 2278
1247 1982 1202 2685
1470 2329 1364 3144
1341 957 1522 1351
681 1522 611 2077
969 1623 932 2208
1625 1637 1941 2266
1219 2144 1047 2882
683 1289 635 1780
824 1270 798 1751
824 1270 798 1751
1035 2116 800 2835
714 1803 629 2436
1305 1446 1367 1984
1916 2071 1938 2819
698 2316 253 3062
1135 685 1103 986
977 1165 976 1615
1174 1912 1148 2591
1240 1123 1339 1561
1242 2183 1063 2934
960 1083 967 1509
1098 2342 865 3134
2046 2273 2139 3107
1213 855 1220 1207
1073 2252 825 3010
1013 2373 729 3164
1016 1270 1006 1749
951 1645 909 2236
1298 2383 1111 3201
998 1238 989 1707
910 1840 850 2486
961 2205 643 2937
943 1167 933 1620
1386 1917 1390 2602
941 1449 914 1983
1944 2084 1977 2836
1174 1993 1123 2692
1162 1419 1176 1943
1497 1949 1510 2652
976 1807 934 2450
1464 1937 1473 2632
1049 2427 767 3239
619 1703 534 2308
585 1326 531 1825
683 2281 232 3010
731 1549 687 2111
1443 1094 1649 1531
1074 1949 1008 2636
952 1658 908 2254
855 1906 729 2568
482 2455 25 3232
985 2286 695 3048
695 1296 649 1787
744 989 751 1395
1952 2252 1991 3068
1095 2249 861 3009
1689 1954 1729 2658
1809 1934 1859 2633
1577 2368 1527 3207
966 2359 668 3143
1122 2018 1033 2724
1384 2238 1216 3008
1866 2184 1884 2971
1205 1527 1228 2088
1766 2181 1774 2965
1532 1952 1550 2655
869 2297 501 3048
854 2266 473 3005
1595 1595 1887 2208
1602 2110 1581 2862
1443 1872 1470 2547
1817 1941 1872 2642
1381 1891 1377 2568
1330 1728 1410 2363
1339 1720 1426 2351
2110 2033 2223 2781
933 2159 594 2869
1072 2156 850 2883
1580 1359 1847 1886
658 2067 201 2731
1989 1866 2103 2542
1497 1782 1639 2448
1301 1009 1445 1423
1283 1183 1367 1633
1315 1974 1305 2675
1448 1588 1612 2188
1273 1094 1387 1523
857 1398 825 1915
1902 2338 1935 3190
1298 732 1344 1049
1298 732 1344 1049
1405 1013 1608 1429
905 2392 561 3180
1032 1839 998 2496
620 1207 576 1667
981 2371 690 3162
714 1830 621 2470
857 1220 837 1681
1200 1453 1224 1989
881 2247 504 2977
881 2247 504 2977
1079 1190 1096 1650
1646 2321 1625 3149
885 2074 522 2756
1310 2098 1197 2830
1151 910 1156 1280
1430 1488 1554 2050
983 1257 963 1736
748 1971 337 2616
1258 2031 1200 2751
1500 2204 1434 2980
741 1249 714 1724
1276 800 1306 1135
1154 1055 1230 1476
1178 2367 972 3176
1424 2352 1261 3166
1194 374 1228 590
2013 2292 2095 3129
1031 1996 914 2689
1137 1188 1170 1638
1284 1266 1372 1750
1356 974 1546 1374
1428 1321 1569 1827
1450 1906 1456 2586
1473 2053 1451 2785
1348 1141 1484 1586
1426 1374 1549 1891
1564 1382 1814 1920
1351 2222 1184 2984
1156 1690 1137 2293
1319 1180 1430 1643
632 1600 560 2175
1136 2197 943 2947
1590 1845 1781 2525
709 2153 251 2842
1075 2128 877 2856
1609 2125 1587 2880
809 1857 716 2508
1348 1247 1463 1724
1560 1503 1838 2080
1003 2106 751 2813
1299 808 1357 1146
1002 1495 970 2041
1402 1269 1546 1753
708 2026 261 2677
1638 1584 1980 2199
1156 613 1122 893
1434 1584 1588 2178
1464 1061 1690 1489
1184 1736 1170 2358
1194 2307 991 3092
1901 2094 1921 2849
962 2135 660 2848
1170 572 1138 839
2051 2154 2142 2941
2051 2154 2142 2941
1554 1103 1818 1547
1660 1738 1972 2400
1070 2228 822 2978
1281 838 1341 1189
1248 2215 1064 2975
1156 2180 987 2930
948 2300 635 3062
653 2320 191 3058
925 1471 892 2005
866 2260 490 2996
2020 1927 2101 2628
1073 2293 827 3064
1614 1712 1901 2363
665 1079 633 1508
1210 654 1193 944
1018 1872 968 2535
944 1568 906 2133
1279 1640 1330 2240
1369 1905 1370 2587
1363 2185 1209 2938
1956 2062 1992 2807
983 2314 691 3085
1352 1848 1372 2515
1990 1962 2055 2670
1924 1914 2000 2608
1468 1988 1488 2700
1178 928 1186 1302
947 1724 897 2338
711 1634 662 2222
809 1144 791 1589
778 1133 756 1576
1265 1949 1264 2645
1440 1017 1666 1428
1440 1017 1666 1428
1216 1898 1219 2582
1503 1918 1517 2607
685 1340 631 1846
1530 1471 1763 2035
1266 2189 1093 2941
1946 2141 1989 2916
946 1594 904 2167
842 1795 784 2432
740 1541 700 2101
772 1896 644 2553
676 1796 593 2423
869 1471 828 2010
849 1416 813 1940
849 1291 825 1782
623 1289 573 1777
1924 1914 2000 2608
1944 2174 1986 2960
720 1865 615 2516
923 1602 877 2180
861 1297 834 1786
1573 1927 1595 2620
1544 2051 1544 2786
1117 1250 1136 1724
785 1570 757 2143
1516 1939 1534 2639
673 1652 601 2243
